112 93598
657 93590
1942 93594
4234 93586
7733 93592
12546 93595
18578 93593
25637 93587
33466 93590
41777 93588
50291 93590
58680 93589
66683 93589
74109 93583
80923 93591
87038 93592
92407 93595
97097 93591
101095 93597
104484 93604
107251 93590
109480 93590
111242 93585
112602 93596
113525 93591
114070 93594
114286 93591
114217 93592
113899 93590
113365 93600
112641 93595
111752 93591
110806 93597
109808 93588
108767 93596
107685 93585
106571 93597
105425 93589
104252 93585
103057 93591
101841 93593
100782 93592
99860 93599
99056 93596
98355 93597
97744 93594
97209 93582
96744 93591
96339 93594
95986 93591
95678 93593
95410 93594
95176 93589
94973 93594
94795 93588
94640 93592
94504 93587
94386 93589
94284 93593
94195 93596
94117 93592
94048 93582
93989 93594
93938 93593
93893 93589
93854 93591
93820 93594
93790 93591
93764 93594
93742 93594
93722 93593
93705 93590
93689 93587
93676 93590
93665 93596
93654 93581
93645 93589
93638 93594
93631 93591
93626 93597
93621 93589
93617 93594
93614 93595
93610 93589
93607 93592
93605 93596
93603 93592
93601 93589
93599 93587
93598 93592
93597 93595
93595 93589
93593 93586
93593 93595
93592 93592
93591 93587
93591 93592
93591 93596
93590 93590
93589 93587
93589 93593
93589 93589
93590 93597
93589 93584
93589 93594
93589 93594
93589 93593
93589 93593
93589 93590
93589 93592
93589 93590
93590 93598
93590 93591
93590 93594
93589 93586
93589 93591
93590 93598
93590 93591
93589 93583
93589 93589
93589 93590
93589 93592
93589 93591
93589 93592
93589 93592
93588 93588
93588 93594
93588 93592
93588 93594
93588 93589
93588 93588
93588 93592
93587 93585
93587 93593
93587 93588
93587 93588
93588 93595
93588 93592
93588 93591
93588 93591
93589 93596
93589 93595
93588 93588
93587 93586
93587 93591
93587 93588
93587 93592
93587 93592
93587 93593
93587 93592
93587 93590
93587 93589
93587 93588
93588 93597
93589 93596
93589 93590
93589 93590
93589 93590
93589 93590
93589 93590
93588 93582
93589 93599
93589 93592
93589 93592
93588 93583
93588 93588
93587 93587
93587 93591
93587 93591
93587 93591
93587 93593
93587 93594
93587 93590
93588 93597
93589 93598
93588 93585
93588 93589
93588 93588
93588 93593
93589 93596
93589 93596
93589 93593
93590 93599
93590 93595
93590 93592
93590 93593
93589 93589
93589 93589
93589 93594
93590 93597
93589 93585
93588 93587
93588 93593
93587 93587
93587 93588
93587 93590
93587 93588
93587 93593
93587 93590
93587 93594
93587 93591
93587 93591
93587 93588
93587 93593
93587 93590
93587 93591
93586 93586
93586 93589
93586 93590
93587 93594
93587 93594
93587 93590
93587 93593
93587 93592
93587 93588
93588 93596
93588 93591
93589 93597
93589 93591
93589 93596
93590 93597
93590 93591
93590 93591
93589 93585
93589 93593
93589 93590
93589 93593
93588 93587
93589 93597
93588 93585
93589 93597
93589 93590
93589 93593
93588 93587
93589 93599
93589 93595
93589 93593
93589 93594
93589 93593
93589 93589
93589 93590
93590 93600
93590 93594
93590 93597
93590 93591
93590 93593
93590 93593
93590 93596
93589 93589
93589 93589
93589 93589
93588 93588
93588 93593
93588 93591
93587 93587
93587 93594
93587 93593
93588 93598
93589 93597
93589 93594
93589 93593
93589 93591
93588 93588
93588 93593
93588 93595
93588 93594
93588 93591
93588 93595
93588 93590
93588 93594
93588 93591
93588 93595
93588 93595
93588 93592
93588 93590
93588 93594
93588 93594
93588 93591
93588 93593
93587 93582
93587 93593
93588 93596
93588 93593
93589 93597
93590 93599
93589 93587
93589 93591
93589 93593
93590 93599
93590 93593
93590 93593
93589 93589
93589 93592
93589 93596
93589 93589
93588 93588
93589 93596
93589 93593
93589 93593
93589 93590
93589 93593
93589 93593
93588 93587
93587 93587
93588 93596
93587 93584
93588 93598
93587 93582
93588 93597
93588 93593
93587 93587
93587 93592
93586 93586
93586 93589
93586 93589
93586 93590
93586 93589
93585 93583
93585 93592
93586 93596
93586 93589
93587 93596
93587 93592
93587 93589
93588 93595
93588 93592
93588 93595
93589 93597
93589 93591
93589 93591
93589 93591
93589 93596
93589 93593
93589 93591
93589 93590
93589 93593
93589 93593
93589 93595
93588 93584
93589 93596
93588 93588
93588 93594
93588 93593
93588 93590
93588 93595
93588 93594
93587 93587
93588 93595
93588 93592
93588 93595
93588 93588
93588 93595
93588 93595
93588 93589
93588 93594
93588 93592
93588 93592
93588 93590
93588 93595
93588 93588
93588 93590
93587 93585
93587 93592
93587 93587
93587 93587
93587 93592
93587 93589
93588 93598
93588 93591
93588 93595
93588 93590
93588 93595
93588 93593
93588 93593
93588 93593
93588 93595
93588 93594
93588 93593
93588 93590
93588 93590
93588 93588
93588 93593
93588 93594
93588 93594
93588 93592
93588 93590
93588 93588
93588 93592
93588 93592
93588 93588
93588 93591
93588 93592
93588 93595
93588 93592
93588 93588
93588 93592
93588 93595
93588 93593
93589 93602
93589 93592
93589 93591
93589 93594
93589 93594
93589 93594
93589 93590
93588 93586
93589 93599
93589 93593
93589 93591
93589 93596
93589 93595
93589 93591
93589 93589
93589 93591
93588 93587
93588 93589
93587 93586
93587 93588

